60
255
62
60
60
83
113
134
155
199
184
97
67
77
110
118
118
127
138
141
134
131
140
145
136
136
137
148
131
123
146
126
138
151
130
123
136
157
142
128
72
255
92
60
60
69
103
132
156
180
194
109
81
85
91
104
129
131
126
128
130
137
131
128
145
143
138
126
138
174
255
60
60
65
93
112
135
182
214
156
71
60
83
103
125
127
117
123
132
140
145
146
153
144
128
124
255
255
60
60
61
92
101
134
184
200
124
61
60
85
108
123
121
107
139
141
134
136
132
134
145
147
148
141
156
140
140
143
255
255
60
60
65
88
114
146
181
186
138
75
64
84
115
118
114
111
140
137
114
122
140
152
138
144
147
130
139
149
139
116
142
140
139
125
150
150
130
125
87
255
161
60
60
65
90
106
147
190
212
133
60
68
102
118
128
121
147
134
123
141
152
156
150
145
161
169
144
146
109
255
189
60
60
75
87
103
149
188
198
109
64
75
85
102
119
130
138
128
144
142
146
138
126
155
135
150
64
255
69
60
60
71
100
125
161
204
202
107
73
88
112
111
106
125
134
122
138
145
131
128
145
153
132
129
86
255
90
60
60
68
80
108
168
202
217
102
60
78
107
106
115
115
127
130
119
124
125
122
124
107
129
126
107
255
60
60
60
60
91
124
159
183
165
79
60
75
106
120
126
128
144
144
132
128
148
153
153
145
152
141
134
141
147
156
152
135
175
255
60
60
60
78
106
122
164
201
181
88
67
92
124
124
111
127
149
139
130
153
142
138
153
145
135
130
152
143
124
131
142
149
132
122
141
143
129
138
130
143
88
255
75
60
60
60
72
114
156
190
176
139
88
91
105
138
147
137
122
152
144
141
130
138
148
141
129
134
145
133
136
135
155
157
133
135
154
140
130
74
255
60
60
62
89
120
137
164
192
168
81
68
68
108
108
126
113
139
139
134
133
152
159
154
136
165
162
158
83
255
83
60
65
89
98
130
182
218
169
62
75
91
92
99
107
127
60
205
140
136
146
111
60
143
172
255
60
60
78
77
92
138
198
217
138
67
67
97
116
134
128
126
140
148
142
110
148
140
60
97
122
83
255
121
60
60
77
103
106
140
212
223
132
80
91
98
130
133
129
127
144
138
138
130
145
140
143
132
145
152
136
145
100
255
223
60
60
60
82
110
145
178
207
145
69
62
92
122
128
122
125
146
147
145
142
147
157
149
143
83
255
143
60
60
68
89
133
180
208
187
97
74
83
76
104
123
125
114
126
131
128
113
131
138
149
125
132
101
255
255
60
60
60
80
122
141
183
194
122
60
79
100
122
130
137
144
144
134
140
142
143
136
136
151
153
139
130
153
157
142
135
146
143
153
153
142
60
255
60
60
60
67
90
100
127
183
200
113
75
85
108
113
120
130
145
127
119
129
132
146
127
126
131
155
144
147
153
137
133
152
130
140
123
153
145
113
255
60
60
60
60
109
132
166
180
184
114
87
79
106
129
136
123
126
152
119
140
148
132
128
155
138
150
129
126
152
153
134
132
153
148
129
214
255
60
60
60
80
110
128
149
195
172
83
60
90
104
100
134
139
134
136
149
141
125
127
153
135
143
138
145
145
80
255
61
60
60
67
97
132
161
198
175
103
67
78
106
116
109
122
146
138
132
132
145
132
126
142
148
145
113
255
255
60
60
60
92
119
139
179
207
156
75
74
89
114
120
137
138
130
130
132
148
140
137
130
148
137
145
137
145
132
255
255
60
60
67
75
99
149
187
198
145
92
90
91
105
122
124
133
144
132
131
139
147
138
136
150
153
146
144
137
154
144
161
86
255
67
60
60
67
90
114
147
199
196
96
60
83
85
113
135
120
125
129
135
136
142
129
135
141
150
127
130
118
255
219
60
60
67
102
117
143
185
204
127
70
91
95
117
118
126
138
125
134
122
143
144
136
128
142
149
149
93
255
65
60
64
86
115
133
162
200
189
90
68
94
107
117
120
128
114
115
114
124
121
122
138
134
138
136
125
135
140
220
255
60
60
61
69
108
138
186
195
167
98
89
98
134
137
146
149
145
148
150
124
151
139
138
147
157
142
128
255
255
60
60
60
85
91
108
160
166
134
62
60
81
106
118
125
135
149
155
162
172
169
163
170
168
165
131
155
97
255
148
60
60
60
65
96
135
166
170
122
70
73
73
86
105
122
112
115
122
105
113
118
120
118
105
125
140
130
110
91
255
135
60
60
92
103
107
153
224
217
138
71
80
75
76
106
147
151
144
169
144
143
161
156
136
152
170
169
140
255
75
60
61
91
129
149
189
191
152
101
87
87
98
119
135
128
124
130
140
140
141
154
143
128
74
255
88
60
60
79
106
119
138
189
191
86
64
87
102
102
120
127
138
123
112
133
153
145
123
60
255
60
60
60
83
105
111
140
200
158
67
62
83
108
110
120
126
139
122
121
133
144
134
117
255
255
60
60
60
78
99
127
185
183
111
86
91
80
106
130
143
132
131
132
141
130
130
138
158
151
147
127
255
255
60
60
60
75
115
145
180
195
129
73
83
120
115
108
122
145
141
125
125
145
150
145
150
135
142
160
156
138
82
255
104
60
60
61
89
130
160
185
179
99
78
75
108
132
125
105
128
134
129
123
124
134
142
140
124
130
147
146
136
88
255
60
60
60
67
95
136
172
192
165
85
63
99
119
125
128
123
128
145
138
127
137
147
135
146
145
136
123
93
255
99
60
60
78
100
107
161
188
187
113
75
79
102
121
122
120
134
143
139
122
128
149
155
138
145
126
255
244
60
60
69
83
111
146
184
184
123
60
73
109
122
130
138
138
122
120
145
135
146
138
154
98
255
150
60
60
60
88
115
159
180
174
106
88
87
91
107
129
132
122
127
132
123
132
149
140
130
124
255
202
60
60
75
99
114
139
186
200
126
74
91
103
100
121
126
145
132
121
121
137
143
131
153
138
182
255
60
60
60
98
102
137
159
192
161
86
74
90
119
115
117
122
135
140
135
124
133
145
147
135
141
97
255
63
60
67
83
97
139
166
181
153
109
97
87
102
129
135
126
127
135
145
122
119
141
149
137
153
162
255
60
60
75
88
86
139
175
199
153
77
87
103
114
114
127
144
137
114
133
140
144
124
136
148
147
139
89
255
60
60
75
89
104
143
172
184
149
86
87
100
98
127
132
130
128
131
140
138
136
145
151
145
78
255
118
60
60
84
109
140
165
180
176
103
85
87
114
125
133
126
129
134
139
130
145
145
152
103
255
196
60
60
60
89
131
146
176
188
88
75
101
109
109
128
130
130
122
135
145
138
135
154
112
255
157
60
60
69
91
108
154
191
194
92
60
99
113
123
120
130
139
130
122
153
148
144
126
102
255
62
60
60
90
111
135
176
177
147
86
78
90
99
130
132
122
126
129
121
154
148
149
141
163
255
60
60
60
68
98
134
164
175
130
86
99
99
109
117
130
138
132
119
122
145
151
135
127
141
142
145
141
146
157
146
138
60
255
60
60
60
60
89
114
145
184
167
93
93
97
105
121
136
131
126
128
145
142
124
117
149
144
133
148
138
126
138
148
134
135
153
153
103
255
255
60
60
60
81
110
129
162
197
147
86
79
103
117
129
134
126
133
138
126
130
149
132
121
149
145
138
130
143
148
134
130
136
154
122
255
255
60
60
60
78
116
140
163
182
144
91
86
93
118
106
112
138
130
126
130
144
134
121
120
143
140
128
126
140
147
137
130
196
255
60
60
68
101
114
126
169
192
162
83
70
92
106
128
132
124
133
138
138
123
130
145
151
140
132
135
155
142
124
86
255
85
60
61
86
122
127
139
181
183
106
87
102
111
109
122
143
142
131
131
143
142
138
128
145
148
136
133
144
232
255
60
67
84
99
100
149
184
195
145
97
88
99
112
124
137
141
134
132
139
143
137
132
138
155
137
121
90
255
180
60
60
94
106
117
150
193
192
116
75
98
106
106
131
130
120
137
140
131
127
139
139
141
134
143
149
123
255
60
60
83
90
100
130
184
194
139
77
91
98
108
112
136
129
127
126
142
130
135
140
152
139
60
255
84
60
60
68
113
130
153
186
178
92
67
79
108
119
119
117
132
136
125
122
146
139
130
113
255
213
60
60
66
84
107
138
185
188
114
67
74
107
118
115
122
132
143
145
135
126
128
153
154
139
138
91
255
60
60
60
69
97
128
147
181
169
99
80
84
91
106
124
139
141
126
130
143
149
147
141
124
145
148
148
131
135
140
134
147
146
141
124
143
156
139
129
111
255
192
60
60
61
98
125
139
166
191
136
91
91
96
110
130
130
134
115
141
138
134
138
145
142
125
149
149
145
133
147
90
255
75
60
69
84
91
128
167
192
175
104
75
87
92
111
128
134
126
136
136
138
125
144
138
137
135
146
140
149
115
255
62
60
64
70
110
138
173
190
169
96
75
78
98
119
126
127
126
142
129
139
146
138
132
145
151
142
131
81
255
79
60
60
85
101
111
153
198
184
87
67
88
99
120
118
126
135
138
129
138
140
137
131
155
142
138
99
255
233
60
60
69
95
121
140
184
199
131
72
89
105
120
112
123
145
143
122
133
143
144
144
141
146
138
135
143
132
144
139
131
141
147
145
135
142
141
144
135
139
255
60
60
60
80
108
126
154
183
174
94
74
102
102
112
139
132
121
127
148
143
130
141
153
146
129
135
146
145
137
86
255
64
60
60
74
107
140
165
194
164
97
75
91
109
123
114
122
142
142
129
134
137
149
142
132
137
151
108
255
60
60
60
67
91
134
176
200
161
71
75
82
91
99
122
124
130
124
141
131
129
143
144
137
131
124
255
60
60
60
77
95
126
151
204
166
86
65
88
114
122
118
129
141
132
134
144
139
132
129
152
148
138
136
147
146
140
136
136
146
138
130
146
146
143
69
255
76
60
60
60
90
122
150
194
191
102
84
92
110
112
124
134
136
135
132
137
144
133
135
144
145
141
138
136
146
143
123
136
144
138
131
133
153
145
148
99
255
60
60
60
80
107
127
153
203
179
87
68
86
103
119
124
120
116
132
135
130
128
126
137
143
255
77
127
143
146
142
135
144
148
148
132
133
127
153
96
255
112
60
60
65
89
127
144
184
195
140
75
67
83
116
122
129
125
138
130
130
145
136
129
134
146
139
133
130
145
140
132
130
144
142
136
130
147
140
130
120
216
255
60
60
60
85
113
124
186
196
132
86
92
95
99
126
136
130
121
141
143
132
122
136
147
135
138
141
145
112
255
238
60
60
61
91
117
150
176
196
117
60
76
106
108
117
129
141
133
122
147
145
129
140
153
145
132
120
255
255
60
60
67
93
103
137
190
204
136
72
73
88
102
126
130
115
126
141
137
133
127
142
150
135
140
140
148
139
75
255
70
60
60
79
106
140
161
191
176
111
81
98
114
105
119
139
138
133
126
147
145
131
119
142
151
145
125
151
154
147
122
130
151
153
135
138
154
152
135
124
215
255
60
60
60
71
93
146
184
194
130
83
91
101
102
123
130
134
123
125
145
142
133
140
148
151
124
130
140
178
255
60
60
60
84
115
136
166
205
154
67
60
80
108
114
114
113
141
134
126
127
146
153
135
130
113
255
255
60
60
60
87
85
151
183
179
138
87
78
91
102
128
130
120
135
145
136
130
130
149
140
138
118
156
146
143
116
255
255
60
60
60
89
106
147
187
191
133
88
91
100
100
119
138
141
130
130
146
143
134
133
139
149
138
136
145
146
144
135
138
148
147
130
135
129
133
145
143
138
131
255
60
60
60
83
107
128
144
183
177
102
76
101
94
124
135
136
136
131
132
145
141
127
130
141
128
130
152
140
134
130
148
138
135
133
153
154
144
116
62
255
70
60
60
65
105
136
165
184
167
122
86
85
97
109
114
135
123
138
145
132
134
143
147
136
140
143
153
140
129
138
151
139
130
126
146
150
130
130
92
255
135
60
60
70
78
109
147
178
203
130
72
73
106
115
109
119
130
134
118
138
137
124
114
134
129
124
114
125
135
129
116
135
141
137
124
77
255
60
60
60
70
96
132
171
200
175
86
72
75
89
106
130
129
123
132
145
137
125
122
153
139
131
150
146
142
149
152
146
209
255
60
60
67
87
99
135
179
209
177
82
80
97
97
107
131
143
129
128
146
148
136
136
149
151
144
128
153
150
143
148
143
130
143
146
149
125
144
72
255
60
60
60
79
97
114
153
197
199
110
77
92
108
109
117
127
141
129
132
138
128
127
127
147
143
133
132
148
142
125
130
144
144
127
130
147
153
133
129
120
255
255
60
60
61
91
102
125
175
204
156
86
91
87
100
130
118
129
127
144
138
134
125
152
144
138
122
148
140
140
126
148
144
138
123
147
143
144
106
255
255
60
60
75
82
110
150
201
195
96
60
73
86
93
116
120
126
104
128
129
138
127
135
134
139
139
136
129
236
255
60
60
68
92
115
154
196
159
65
60
80
96
106
121
122
132
128
132
132
138
136
140
145
153
140
133
145
255
60
60
71
85
137
181
213
179
74
80
99
114
118
119
121
125
130
138
143
148
150
145
133
123
255
183
60
60
76
109
134
174
194
134
66
83
102
121
130
139
136
125
137
138
131
129
131
132
134
140
147
147
151
147
130
136
131
136
151
143
149
211
255
60
60
60
103
133
165
203
172
84
74
90
109
122
134
137
141
144
140
130
129
133
134
132
147
152
146
145
153
152
145
144
145
147
132
132
130
63
255
60
60
60
80
102
137
170
193
119
74
83
103
111
127
130
134
138
140
139
144
146
145
141
140
143
137
132
144
91
255
96
60
60
82
103
137
175
209
159
74
75
97
107
125
135
141
146
145
148
146
145
139
148
128
145
241
255
60
60
92
109
143
183
220
174
80
79
99
114
120
130
130
136
131
130
130
125
140
141
144
110
255
60
60
60
73
109
168
201
183
96
82
104
120
128
137
137
138
128
125
130
129
131
130
127
130
173
255
60
60
60
81
113
144
192
172
90
86
89
99
119
145
139
145
135
138
154
153
154
147
145
138
137
137
131
133
125
127
126
133
119
135
127
93
255
128
60
60
63
97
131
147
222
164
88
78
89
112
134
146
172
156
153
145
148
138
134
113
133
60
182
124
91
255
195
60
60
90
113
142
188
216
145
64
60
100
108
121
147
150
140
129
131
139
150
152
157
153
161
148
143
250
255
60
60
60
74
96
149
192
172
88
78
105
119
142
160
174
180
183
189
180
183
173
168
151
133
255
203
60
60
60
76
94
136
169
139
60
60
60
74
112
122
127
129
130
137
139
138
142
114
91
255
139
60
60
70
91
120
162
194
141
83
97
107
114
118
122
129
137
143
126
141
138
139
136
140
123
149
151
255
60
60
75
93
120
160
200
174
91
92
109
120
118
135
129
127
127
131
129
130
140
138
107
255
181
60
60
61
90
113
162
195
144
78
90
110
122
135
130
126
122
131
131
139
145
145
146
151
135
130
61
255
60
60
60
80
113
140
175
184
89
88
99
115
123
121
135
131
138
139
146
140
145
143
147
145
148
145
146
144
149
144
153
138
126
187
255
60
60
67
93
126
154
196
192
114
89
106
114
128
137
137
143
139
119
126
133
138
145
151
147
146
135
80
255
60
60
64
94
118
155
188
208
131
78
89
105
114
113
130
125
132
130
131
130
130
130
127
142
135
132
213
255
60
60
73
98
131
166
188
142
70
66
91
110
113
126
123
130
134
134
136
135
130
137
139
146
144
137
154
255
60
60
81
99
127
157
181
168
77
66
78
98
112
121
125
128
131
128
132
130
144
139
136
129
142
140
137
87
255
60
60
74
103
122
145
187
180
86
73
84
107
120
135
130
137
131
145
138
143
141
144
140
146
140
156
145
150
84
255
71
60
72
98
120
141
191
192
105
71
83
93
110
114
124
124
131
134
141
135
140
138
142
141
143
143
138
255
221
60
61
84
114
133
169
205
177
75
70
93
106
123
128
138
136
148
144
149
153
146
142
150
140
138
121
255
60
60
80
97
127
153
197
198
105
78
90
92
123
124
124
133
130
136
126
142
146
155
149
153
146
145
247
255
60
60
76
106
126
165
201
184
95
82
91
113
107
122
140
134
128
135
132
139
148
149
148
142
137
129
125
130
138
145
146
148
119
255
89
60
60
62
100
132
177
203
143
67
83
118
125
138
142
144
141
138
127
122
124
136
138
149
153
149
145
142
145
145
148
138
145
122
122
60
255
60
60
68
93
114
160
195
185
101
83
100
114
114
116
115
121
130
132
141
143
143
138
136
132
131
138
142
144
125
255
99
60
64
91
110
133
183
204
145
71
72
99
110
128
128
139
142
145
143
145
148
152
152
152
158
151
156
91
255
67
60
60
91
110
148
177
197
114
70
75
101
111
127
130
137
139
130
139
142
150
147
150
146
148
145
148
147
144
143
146
145
137
101
255
91
60
60
83
110
138
179
197
147
80
90
106
122
133
142
145
143
143
140
145
142
148
138
141
132
134
135
126
132
124
138
92
255
84
60
65
88
116
144
186
214
141
71
78
97
106
127
125
134
129
133
126
134
129
129
129
132
131
125
142
129
134
67
255
60
60
75
100
125
158
200
207
84
60
76
94
116
115
130
122
131
121
130
121
125
130
132
130
130
130
127
131
130
131
129
140
142
160
139
153
114
255
60
60
60
78
93
135
169
189
103
62
75
96
106
117
122
125
114
119
147
148
145
137
120
145
148
150
156
145
150
143
153
122
137
229
255
60
60
67
92
98
133
185
171
68
60
72
84
96
106
124
125
134
126
136
115
135
129
133
129
128
124
129
147
147
93
255
69
60
60
85
96
134
178
212
154
73
79
101
118
133
140
137
143
141
150
142
142
128
130
144
139
161
155
151
146
249
255
60
64
90
113
144
174
207
195
81
60
89
100
122
130
127
134
124
130
144
157
144
153
152
155
149
153
219
255
60
62
91
111
138
166
209
188
95
60
84
88
113
112
116
128
124
128
118
123
103
153
151
153
100
255
89
60
60
88
116
144
192
207
141
60
67
95
112
131
153
134
255
216
90
106
117
130
134
124
125
112
128
134
145
150
153
152
137
134
121
120
121
138
145
148
98
255
60
60
60
82
106
148
202
209
106
70
63
91
111
119
122
121
111
119
135
135
125
125
