15,255,60
15,255,255
15,255,62
15,255,60
15,255,60
15,255,83
15,255,113
15,255,134
15,255,155
15,255,199
15,255,184
15,255,97
15,255,67
15,255,77
15,255,110
15,255,118
15,255,118
15,255,127
15,240,138
15,225,141
15,210,134
15,196,131
15,181,140
15,166,145
15,151,136
15,136,136
15,121,137
15,106,148
15,91,131
15,76,123
15,76,146
15,73,126
15,73,138
15,73,151
15,73,130
15,73,123
15,73,136
51,73,157
111,72,142
167,72,128
171,71,72
171,72,255
171,72,92
167,72,60
167,71,60
167,71,69
167,70,103
167,69,132
163,69,156
163,69,180
163,69,194
159,68,109
159,68,81
159,68,85
155,68,91
155,68,104
151,67,129
151,67,131
151,67,126
147,66,128
147,66,130
143,66,137
143,66,131
139,65,128
139,65,145
139,65,143
135,65,138
135,65,126
131,65,138
131,65,174
127,68,255
127,66,60
123,66,60
123,66,65
119,66,93
119,67,112
119,67,135
115,68,182
115,68,214
111,69,156
111,69,71
111,70,60
107,71,83
107,71,103
103,72,125
103,73,127
103,74,117
99,74,123
99,75,132
99,76,140
95,76,145
95,76,146
95,77,153
95,78,144
91,78,128
91,79,124
91,80,255
91,81,255
87,82,60
87,81,60
87,80,61
87,80,92
87,80,101
87,80,134
87,80,184
87,80,200
87,80,124
87,79,61
87,78,60
87,77,85
87,76,108
87,76,123
87,76,121
87,76,107
87,75,139
91,75,141
91,74,134
91,73,136
91,72,132
95,71,134
95,70,145
95,70,147
99,69,148
99,68,141
99,68,156
103,67,140
103,66,140
107,64,143
107,64,255
111,66,255
111,65,60
115,65,60
115,65,65
119,65,88
119,64,114
123,64,146
123,65,181
127,65,186
131,66,138
131,67,75
135,67,64
135,67,84
139,68,115
139,68,118
143,68,114
143,69,111
147,70,140
151,71,137
151,72,114
151,73,122
155,74,140
155,75,152
159,76,138
159,76,144
163,77,147
163,79,130
163,80,139
167,82,149
167,82,139
167,82,116
171,83,142
171,84,140
171,84,139
175,84,125
175,84,150
175,84,150
175,84,130
175,82,125
175,81,87
179,81,255
179,80,161
179,78,60
179,76,60
179,75,65
183,73,90
183,71,106
183,69,147
183,68,190
183,66,212
183,64,133
183,62,60
187,60,68
187,60,102
187,60,118
187,60,128
187,60,121
187,60,147
187,60,134
187,60,123
187,60,141
187,60,152
183,60,156
183,60,150
183,60,145
183,60,161
183,60,169
183,60,144
183,60,146
179,60,109
179,60,255
179,60,189
179,60,60
175,60,60
175,60,75
175,60,87
175,60,103
175,60,149
171,60,188
171,60,198
171,60,109
167,60,64
167,60,75
163,60,85
163,60,102
163,61,119
159,63,130
159,65,138
155,68,128
155,70,144
151,72,142
151,76,146
147,78,138
147,81,126
143,84,155
143,87,135
139,91,150
139,93,64
135,99,255
135,101,69
131,103,60
131,105,60
131,107,71
127,110,100
127,112,125
123,114,161
123,115,204
123,117,202
119,119,107
119,120,73
115,120,88
115,121,112
115,121,111
111,121,106
111,121,125
111,120,134
107,119,122
107,118,138
103,116,145
103,115,131
103,112,128
103,109,145
99,107,153
99,104,132
99,100,129
95,97,86
95,95,255
95,92,90
91,86,60
91,82,60
91,79,68
91,76,80
87,72,108
87,69,168
87,68,202
87,66,217
83,63,102
83,61,60
83,60,78
83,60,107
83,60,106
79,60,115
79,60,115
79,60,127
79,60,130
79,60,119
75,60,124
75,60,125
75,60,122
75,60,124
75,60,107
75,60,129
75,60,126
71,60,107
71,60,255
71,61,60
71,60,60
71,60,60
71,60,60
71,61,91
71,61,124
71,62,159
71,63,183
71,63,165
71,63,79
71,62,60
71,61,75
75,61,106
75,60,120
75,60,126
75,60,128
75,60,144
75,60,144
75,60,132
79,60,128
79,60,148
79,60,153
79,60,153
83,60,145
83,60,152
83,60,141
87,60,134
87,60,141
87,60,147
91,60,156
91,60,152
91,60,135
95,60,175
95,64,255
95,65,60
99,65,60
99,66,60
99,67,78
103,67,106
103,68,122
107,69,164
107,71,201
107,73,181
111,74,88
111,75,67
115,76,92
115,76,124
119,76,124
119,76,111
123,76,127
123,77,149
123,77,139
127,77,130
127,77,153
131,78,142
131,78,138
135,77,153
135,77,145
139,77,135
139,77,130
139,76,152
143,76,143
143,76,124
147,73,131
147,73,142
151,73,149
151,72,132
155,72,122
155,72,141
155,71,143
159,70,129
159,70,138
163,69,130
163,68,143
163,68,88
167,69,255
167,69,75
167,69,60
171,69,60
171,69,60
171,68,72
171,69,114
175,69,156
175,69,190
175,69,176
175,70,139
179,70,88
179,71,91
179,71,105
179,72,138
183,73,147
183,73,137
183,74,122
183,74,152
183,75,144
183,75,141
183,76,130
183,76,138
183,76,148
183,77,141
183,78,129
183,78,134
187,79,145
187,79,133
187,80,136
187,78,135
187,78,155
187,79,157
187,79,133
187,79,135
187,80,154
187,80,140
187,81,130
187,80,74
187,82,255
187,82,60
187,82,60
183,82,62
183,82,89
183,82,120
183,82,137
183,82,164
183,82,192
179,83,168
179,83,81
179,82,68
179,82,68
179,82,108
175,81,108
175,81,126
175,80,113
175,79,139
171,79,139
171,78,134
171,78,133
167,77,152
167,77,159
167,76,154
167,76,136
163,76,165
163,75,162
159,75,158
159,74,83
159,76,255
155,73,83
155,72,60
151,72,65
151,71,89
147,70,98
147,70,130
143,69,182
139,68,218
139,68,169
135,68,62
135,67,75
131,67,91
127,67,92
127,66,99
123,66,107
123,66,127
119,66,60
115,67,205
115,68,140
111,68,136
111,69,146
107,69,111
107,68,60
103,68,143
103,68,172
99,68,255
99,67,60
95,66,60
95,64,78
95,60,77
91,60,92
91,60,138
91,60,198
91,60,217
87,60,138
87,60,67
87,60,67
87,60,97
87,60,116
87,60,134
87,60,128
87,60,126
87,60,140
87,60,148
91,60,142
91,60,110
91,60,148
91,60,140
95,60,60
95,60,97
99,60,122
103,60,83
103,60,255
107,60,121
111,60,60
111,60,60
115,60,77
115,60,103
119,60,106
123,61,140
123,65,212
127,68,223
127,71,132
131,73,80
135,76,91
135,77,98
139,80,130
139,82,133
139,84,129
143,84,127
143,86,144
143,87,138
147,88,138
147,88,130
147,89,145
147,89,140
147,89,143
147,89,132
147,89,145
147,88,152
147,86,136
147,85,145
147,82,100
147,81,255
147,80,223
143,78,60
143,77,60
143,76,60
139,75,82
139,74,110
135,72,145
135,71,178
131,71,207
131,70,145
127,69,69
123,69,62
123,69,92
119,68,122
119,68,128
115,68,122
111,68,125
111,69,146
107,69,147
107,70,145
103,70,142
99,71,147
99,72,157
95,73,149
95,73,143
91,74,83
91,75,255
87,76,143
87,76,60
83,76,60
83,76,68
79,76,89
79,77,133
79,78,180
75,79,208
75,81,187
75,81,97
71,82,74
71,82,83
71,83,76
67,83,104
67,84,123
67,84,125
67,84,114
63,84,126
63,84,131
63,84,128
63,84,113
63,84,131
63,84,138
63,83,149
63,83,125
63,82,132
63,81,101
67,81,255
67,82,255
67,80,60
67,78,60
67,78,60
71,77,80
71,76,122
71,76,141
71,76,183
75,75,194
75,74,122
75,73,60
79,71,79
79,70,100
83,69,122
83,68,130
83,68,137
87,68,144
87,67,144
91,66,134
91,65,140
95,65,142
95,64,143
99,64,136
99,64,136
103,64,151
103,63,153
107,63,139
107,63,130
111,64,153
115,63,157
115,63,142
115,64,135
119,64,146
119,65,143
123,66,153
123,68,153
127,68,142
127,68,60
131,72,255
131,73,60
131,74,60
135,75,60
135,76,67
139,76,90
139,77,100
139,78,127
143,79,183
143,80,200
143,81,113
147,82,75
147,83,85
147,84,108
147,84,113
151,84,120
151,84,130
151,85,145
151,85,127
155,85,119
155,85,129
155,85,132
155,85,146
159,85,127
159,84,126
159,84,131
159,84,155
159,84,144
159,83,147
159,83,153
163,79,137
163,78,133
163,77,152
163,76,130
163,76,140
163,75,123
163,75,153
163,74,145
163,72,113
167,74,255
167,73,60
167,73,60
167,72,60
167,71,60
167,70,109
167,69,132
167,69,166
167,69,180
167,69,184
167,68,114
167,68,87
167,68,79
167,68,106
167,67,129
167,67,136
167,67,123
167,66,126
167,66,152
167,66,119
167,66,140
167,65,148
167,65,132
167,65,128
167,65,155
163,65,138
163,65,150
163,65,129
163,66,126
163,66,152
163,63,153
163,63,134
163,64,132
163,64,153
163,64,148
163,65,129
163,65,214
163,68,255
159,68,60
159,68,60
159,68,60
159,68,80
159,68,110
155,68,128
155,68,149
155,69,195
155,69,172
151,70,83
151,70,60
151,70,90
147,70,104
147,71,100
147,71,134
143,71,139
143,71,134
143,72,136
139,72,149
139,72,141
135,72,125
135,73,127
135,73,153
131,73,135
131,73,143
131,73,138
127,74,145
127,74,145
127,73,80
123,74,255
123,74,61
119,74,60
119,75,60
119,75,67
115,75,97
115,75,132
111,75,161
111,75,198
111,75,175
107,76,103
107,76,67
107,76,78
103,76,106
103,76,116
103,76,109
99,76,122
99,76,146
99,76,138
99,76,132
99,76,132
99,76,145
95,76,132
95,76,126
95,76,142
95,76,148
95,76,145
95,75,113
95,76,255
95,76,255
95,75,60
95,75,60
95,75,60
95,75,92
95,74,119
95,75,139
99,75,179
99,75,207
99,75,156
99,74,75
99,74,74
103,74,89
103,74,114
103,74,120
103,74,137
107,74,138
107,74,130
107,74,130
111,74,132
111,74,148
111,74,140
115,75,137
115,75,130
115,75,148
119,75,137
119,75,145
123,75,137
123,76,145
123,75,132
123,74,255
127,76,255
127,76,60
131,76,60
131,76,67
131,76,75
135,76,99
135,76,149
135,76,187
139,76,198
139,76,145
139,76,92
143,76,90
143,76,91
143,76,105
143,76,122
147,76,124
147,76,133
147,76,144
147,76,132
147,76,131
147,76,139
151,76,147
151,76,138
151,75,136
151,75,150
151,75,153
151,75,146
151,75,144
151,75,137
151,75,154
151,74,144
151,74,161
151,74,86
151,76,255
151,77,67
151,78,60
151,78,60
151,79,67
151,80,90
151,81,114
151,83,147
151,84,199
151,86,196
151,88,96
151,89,60
151,91,83
151,92,85
151,93,113
147,95,135
147,96,120
147,97,125
147,97,129
147,98,135
147,99,136
147,99,142
147,99,129
147,99,135
147,99,141
143,99,150
143,99,127
143,99,130
143,98,118
143,99,255
143,98,219
143,98,60
143,98,60
143,98,67
143,99,102
143,99,117
143,100,143
139,102,185
139,103,204
139,104,127
139,105,70
139,106,91
139,107,95
139,108,117
139,110,118
139,112,126
139,114,138
139,115,125
135,118,134
135,121,122
135,123,143
135,124,144
135,126,136
135,128,128
135,130,142
131,131,149
131,131,149
131,131,93
131,133,255
131,132,65
131,131,60
131,131,64
131,130,86
127,129,115
127,126,133
127,123,162
127,121,200
127,117,189
127,115,90
123,110,68
123,107,94
123,103,107
123,99,117
123,95,120
123,92,128
123,87,114
123,83,115
119,77,114
119,73,124
119,68,121
119,63,122
119,60,138
119,60,134
119,60,138
119,60,136
119,60,125
119,60,135
119,60,140
119,60,220
119,60,255
119,60,60
119,60,60
119,60,61
119,60,69
119,60,108
119,60,138
119,60,186
119,60,195
119,60,167
119,60,98
119,60,89
119,60,98
119,60,134
119,60,137
123,60,146
123,60,149
123,60,145
123,60,148
123,60,150
119,60,124
119,62,151
119,66,139
119,69,138
119,74,147
119,77,157
119,83,142
119,87,128
119,92,255
119,97,255
115,100,60
115,104,60
115,107,60
115,111,85
111,115,91
111,117,108
111,120,160
111,123,166
107,124,134
107,125,62
107,126,60
107,127,81
103,127,106
103,126,118
103,124,125
99,123,135
99,121,149
99,117,155
99,115,162
99,111,172
99,107,169
99,102,163
95,99,170
95,94,168
95,91,165
95,86,131
95,81,155
95,76,97
95,72,255
95,68,148
95,63,60
95,60,60
95,60,60
95,60,65
95,60,96
95,60,135
99,60,166
99,60,170
99,60,122
99,60,70
99,60,73
99,60,73
103,60,86
103,60,105
103,60,122
107,60,112
107,60,115
107,60,122
111,60,105
111,60,113
115,60,118
115,60,120
115,60,118
119,60,105
119,60,125
119,60,140
123,60,130
123,60,110
123,60,91
127,60,255
127,60,135
127,60,60
127,60,60
131,60,92
131,60,103
131,60,107
135,60,153
135,60,224
135,60,217
139,60,138
139,60,71
139,60,80
139,60,75
143,60,76
143,60,106
143,60,147
143,60,151
143,60,144
143,60,169
143,60,144
143,60,143
143,60,161
143,60,156
143,60,136
143,60,152
143,61,170
143,62,169
143,62,140
143,65,255
143,63,75
143,63,60
139,63,61
139,63,91
139,64,129
135,64,149
135,64,189
135,64,191
135,64,152
131,63,101
131,63,87
127,63,87
127,63,98
123,62,119
123,62,135
123,62,128
119,62,124
115,62,130
115,61,140
111,61,140
111,62,141
107,62,154
107,62,143
103,61,128
99,61,74
99,63,255
95,63,88
95,63,60
91,64,60
87,63,79
87,64,106
83,64,119
83,65,138
79,67,189
79,68,191
75,68,86
75,68,64
71,69,87
71,69,102
67,70,102
67,70,120
67,71,127
63,72,138
63,72,123
59,73,112
59,74,133
59,74,153
55,75,145
55,76,123
55,76,60
51,78,255
51,78,60
51,78,60
47,79,60
47,80,83
47,78,105
47,79,111
47,80,140
43,80,200
43,80,158
43,80,67
43,80,62
43,79,83
43,78,108
39,76,110
39,76,120
39,75,126
39,74,139
39,73,122
39,72,121
43,71,133
43,70,144
43,69,134
43,68,117
43,68,255
47,69,255
47,68,60
47,68,60
47,68,60
51,68,78
51,66,99
51,65,127
55,66,185
55,66,183
59,66,111
59,66,86
63,66,91
63,66,80
67,65,106
67,65,130
71,66,143
71,66,132
75,67,131
79,68,132
79,69,141
83,70,130
87,72,130
87,73,138
91,75,158
95,76,151
95,76,147
99,78,127
103,80,255
103,82,255
107,82,60
111,82,60
111,82,60
115,82,75
119,83,115
119,83,145
123,83,180
123,83,195
127,83,129
131,82,73
131,82,83
131,81,120
135,80,115
139,79,108
139,79,122
139,78,145
143,78,141
143,77,125
147,77,125
147,76,145
151,76,150
151,76,145
155,76,150
155,76,135
155,77,142
159,77,160
159,78,156
163,78,138
163,78,82
163,79,255
167,80,104
167,81,60
171,82,60
171,83,61
171,84,89
175,84,130
175,85,160
175,87,185
175,88,179
179,89,99
179,90,78
179,92,75
183,92,108
183,93,132
183,94,125
183,95,105
187,95,128
187,95,134
187,96,129
187,96,123
191,95,124
191,95,134
191,94,142
191,94,140
191,92,124
195,92,130
195,91,147
195,90,146
195,89,136
195,85,88
195,86,255
195,84,60
195,84,60
195,82,60
195,80,67
195,79,95
195,77,136
195,76,172
195,74,192
195,73,165
195,72,85
195,70,63
195,68,99
195,68,119
195,67,125
191,66,128
191,65,123
191,64,128
191,64,145
191,63,138
191,62,127
191,62,137
187,61,147
187,61,135
187,61,146
187,61,145
187,60,136
183,60,123
183,60,93
183,62,255
183,60,99
179,60,60
179,60,60
179,60,78
175,61,100
175,61,107
175,61,161
175,62,188
171,62,187
171,62,113
171,62,75
167,63,79
167,63,102
167,64,121
163,64,122
163,64,120
159,65,134
159,65,143
159,66,139
155,66,122
155,66,128
151,67,149
151,67,155
151,68,138
147,68,145
147,68,126
143,69,255
143,70,244
139,71,60
139,70,60
139,70,69
135,70,83
135,71,111
135,71,146
131,71,184
131,72,184
131,72,123
127,72,60
127,72,73
127,72,109
127,73,122
123,73,130
123,73,138
123,73,138
123,74,122
123,74,120
119,74,145
119,74,135
119,74,146
119,75,138
119,75,154
115,75,98
115,76,255
115,76,150
115,76,60
115,76,60
115,75,60
115,75,88
115,75,115
115,75,159
115,75,180
115,76,174
115,76,106
115,75,88
115,75,87
115,75,91
115,74,107
119,74,129
119,74,132
119,75,122
119,75,127
119,75,132
119,75,123
119,74,132
119,75,149
119,75,140
123,75,130
123,74,124
123,75,255
123,76,202
123,76,60
123,76,60
123,74,75
127,74,99
127,74,114
127,74,139
127,74,186
127,75,200
131,75,126
131,74,74
131,74,91
131,74,103
131,74,100
131,74,121
135,74,126
135,74,145
135,74,132
135,74,121
135,74,121
135,74,137
139,74,143
139,74,131
139,74,153
139,74,138
139,74,182
139,76,255
139,76,60
143,76,60
143,75,60
143,74,98
143,74,102
143,74,137
143,74,159
143,74,192
143,74,161
143,74,86
143,73,74
143,73,90
143,73,119
147,72,115
147,72,117
143,72,122
147,72,135
147,71,140
147,71,135
147,71,124
147,71,133
147,70,145
147,70,147
147,70,135
147,70,141
147,70,97
147,72,255
147,71,63
147,71,60
147,69,67
147,69,83
147,69,97
147,69,139
147,69,166
147,69,181
147,70,153
147,70,109
147,69,97
147,69,87
147,69,102
147,69,129
147,69,135
147,69,126
147,70,127
147,70,135
147,70,145
147,70,122
147,70,119
147,71,141
147,71,149
147,71,137
147,71,153
143,71,162
143,73,255
143,73,60
143,73,60
143,71,75
143,71,88
143,71,86
143,71,139
143,72,175
143,72,199
143,72,153
143,72,77
143,72,87
139,71,103
139,71,114
139,71,114
139,71,127
139,71,144
135,72,137
135,72,114
135,72,133
135,72,140
135,72,144
131,72,124
131,72,136
131,72,148
131,72,147
127,72,139
127,72,89
127,73,255
127,73,60
123,71,60
123,71,75
123,71,89
119,71,104
119,72,143
119,72,172
115,72,184
115,73,149
115,72,86
111,72,87
111,72,100
111,73,98
107,73,127
107,73,132
107,73,130
103,73,128
103,74,131
103,74,140
103,74,138
99,74,136
99,74,145
99,74,151
95,74,145
95,74,78
95,76,255
95,76,118
91,76,60
91,76,60
91,75,84
91,75,109
91,75,140
87,75,165
87,76,180
87,76,176
87,76,103
83,76,85
83,76,87
83,75,114
83,75,125
83,75,133
83,76,126
83,76,129
79,76,134
79,76,139
79,76,130
79,76,145
79,76,145
79,76,152
79,76,103
79,76,255
75,76,196
75,76,60
75,76,60
75,76,60
75,75,89
75,75,131
75,75,146
71,76,176
71,76,188
71,76,88
71,76,75
71,75,101
71,75,109
71,75,109
67,75,128
67,75,130
67,75,130
67,75,122
63,75,135
63,75,145
63,75,138
63,75,135
59,74,154
59,74,112
59,75,255
59,75,157
55,75,60
55,75,60
55,75,69
51,73,91
51,73,108
51,73,154
47,73,191
47,73,194
43,73,92
43,73,60
43,73,99
39,72,113
39,72,123
39,72,120
35,71,130
35,71,139
35,71,130
31,71,122
31,71,153
27,71,148
27,71,144
27,71,126
23,71,102
23,73,255
23,73,62
19,72,60
19,72,60
19,72,90
15,71,111
15,70,135
15,70,176
15,71,177
15,71,147
15,71,86
15,71,78
15,70,90
15,70,99
15,69,130
15,69,132
15,69,122
15,69,126
15,69,129
15,69,121
15,69,154
15,69,148
15,69,149
15,69,141
15,69,163
15,71,255
15,71,60
15,71,60
15,71,60
15,71,68
15,69,98
15,69,134
15,69,164
15,70,175
15,70,130
15,71,86
15,71,99
15,71,99
15,71,109
15,71,117
15,71,130
15,72,138
15,72,132
15,73,119
15,73,122
15,74,145
19,74,151
19,74,135
23,75,127
27,75,141
27,76,142
31,76,145
35,76,141
35,76,146
39,76,157
43,75,146
43,76,138
47,76,60
51,78,255
55,78,60
55,78,60
59,78,60
63,78,60
67,77,89
71,77,114
75,77,145
75,77,184
79,78,167
83,78,93
87,78,93
87,77,97
91,77,105
95,77,121
99,77,136
99,77,131
103,77,126
107,77,128
107,76,145
111,76,142
115,76,124
115,76,117
119,76,149
123,76,144
123,76,133
127,76,148
127,76,138
131,76,126
131,76,138
135,73,148
139,73,134
139,73,135
139,73,153
143,74,153
143,74,103
147,75,255
147,76,255
151,75,60
151,75,60
155,75,60
155,75,81
155,75,110
159,75,129
159,75,162
163,75,197
163,75,147
163,75,86
167,75,79
167,74,103
167,74,117
171,74,129
171,74,134
171,74,126
175,74,133
175,74,138
175,74,126
179,74,130
179,74,149
179,74,132
183,74,121
183,73,149
183,73,145
183,73,138
183,73,130
187,73,143
187,73,148
187,71,134
187,72,130
191,72,136
191,72,154
191,72,122
191,73,255
195,74,255
195,74,60
195,74,60
195,73,60
199,73,78
199,73,116
199,74,140
199,74,163
199,75,182
203,75,144
203,75,91
203,75,86
203,76,93
203,76,118
207,76,106
207,76,112
207,76,138
207,76,130
207,76,126
207,76,130
211,76,144
211,76,134
211,76,121
211,76,120
211,77,143
211,77,140
211,77,128
215,76,126
215,77,140
215,76,147
215,76,137
215,76,130
215,76,196
215,77,255
219,77,60
219,77,60
219,77,68
219,76,101
219,76,114
219,76,126
219,76,169
219,76,192
219,76,162
219,76,83
219,76,70
223,76,92
223,75,106
223,75,128
223,75,132
223,75,124
223,74,133
223,74,138
223,74,138
223,74,123
223,74,130
223,74,145
223,74,151
223,74,140
223,74,132
223,74,135
223,74,155
223,74,142
223,74,124
223,72,86
223,74,255
223,74,85
227,74,60
227,74,61
227,74,86
227,74,122
227,74,127
227,73,139
227,73,181
227,74,183
227,74,106
227,74,87
227,74,102
227,74,111
227,74,109
227,74,122
223,74,143
223,74,142
223,74,131
223,74,131
223,74,143
223,74,142
223,74,138
223,74,128
223,74,145
223,74,148
223,74,136
223,74,133
223,74,144
223,74,232
223,73,255
223,73,60
223,73,67
223,73,84
223,73,99
223,73,100
219,73,149
219,73,184
219,73,195
219,73,145
219,73,97
219,72,88
219,72,99
219,72,112
219,72,124
219,72,137
215,72,141
215,72,134
215,71,132
215,71,139
215,71,143
215,71,137
215,70,132
215,70,138
211,70,155
211,69,137
211,69,121
211,69,90
207,69,255
207,69,180
207,68,60
207,68,60
207,68,94
203,68,106
203,68,117
203,68,150
203,68,193
199,68,192
199,67,116
199,67,75
195,67,98
195,66,106
195,66,106
195,66,131
191,66,130
191,66,120
187,66,137
187,66,140
187,66,131
183,66,127
183,67,139
183,67,139
179,67,141
179,67,134
179,67,143
175,67,149
175,67,123
175,68,255
171,68,60
171,68,60
167,68,83
167,68,90
167,68,100
163,68,130
163,68,184
159,69,194
159,69,139
159,68,77
155,68,91
155,68,98
151,69,108
151,69,112
147,69,136
147,69,129
143,69,127
143,69,126
139,69,142
139,69,130
135,70,135
135,70,140
131,70,152
131,70,139
127,69,60
127,72,255
123,72,84
123,72,60
123,72,60
119,70,68
115,70,113
115,70,130
111,71,153
107,71,186
107,71,178
103,72,92
103,71,67
99,71,79
99,71,108
95,71,119
95,71,119
91,71,117
87,72,132
87,72,136
83,72,125
83,72,122
79,72,146
79,73,139
79,73,130
75,73,113
75,74,255
75,75,213
71,75,60
71,75,60
71,75,66
71,73,84
71,73,107
67,73,138
67,73,185
67,74,188
67,74,114
67,74,67
67,74,74
71,74,107
71,73,118
71,73,115
71,73,122
71,74,132
71,74,143
71,74,145
75,74,135
75,74,126
75,74,128
79,74,153
79,75,154
79,75,139
83,75,138
83,75,91
87,76,255
87,77,60
91,76,60
91,76,60
95,76,69
95,76,97
99,76,128
99,76,147
103,77,181
103,77,169
107,77,99
107,77,80
111,77,84
111,77,91
115,77,106
115,77,124
115,78,139
119,78,141
119,78,126
123,78,130
123,78,143
127,78,149
127,78,147
127,78,141
131,78,124
131,78,145
131,77,148
135,77,148
135,77,131
135,77,135
135,76,140
139,76,134
139,76,147
139,76,146
143,76,141
143,75,124
143,75,143
143,75,156
143,75,139
143,75,129
147,74,111
147,75,255
147,76,192
147,75,60
147,75,60
147,75,61
147,74,98
151,74,125
151,74,139
151,74,166
151,74,191
151,74,136
151,73,91
151,73,91
151,73,96
151,72,110
151,72,130
151,72,130
151,72,134
151,71,115
151,71,141
151,71,138
151,71,134
151,70,138
151,70,145
151,70,142
151,70,125
151,70,149
151,69,149
151,69,145
151,69,133
151,68,147
151,68,90
151,69,255
151,70,75
151,70,60
151,70,69
151,70,84
151,69,91
151,69,128
151,69,167
151,69,192
151,70,175
151,70,104
151,70,75
147,70,87
147,70,92
147,70,111
147,70,128
147,70,134
147,70,126
147,70,136
143,70,136
143,70,138
143,70,125
143,70,144
139,70,138
139,70,137
139,70,135
139,71,146
135,71,140
135,71,149
135,71,115
135,71,255
131,71,62
131,71,60
131,71,64
131,71,70
131,71,110
127,71,138
127,72,173
127,72,190
123,72,169
123,72,96
123,72,75
123,72,78
119,72,98
119,72,119
119,72,126
119,72,127
115,72,126
115,72,142
115,72,129
115,72,139
115,72,146
115,72,138
111,72,132
111,72,145
111,72,151
111,72,142
111,72,131
107,72,81
107,74,255
107,72,79
107,72,60
107,72,60
107,72,85
107,71,101
107,72,111
103,72,153
103,72,198
103,72,184
103,72,87
103,71,67
103,71,88
103,71,99
103,71,120
99,71,118
99,71,126
99,71,135
99,71,138
99,71,129
99,71,138
99,71,140
99,71,137
103,71,131
103,71,155
103,71,142
103,71,138
103,71,99
103,72,255
103,73,233
103,71,60
103,71,60
107,71,69
107,71,95
107,72,121
107,72,140
107,72,184
111,73,199
111,73,131
111,72,72
111,72,89
115,72,105
115,73,120
115,73,112
119,73,123
119,73,145
119,73,143
123,73,122
123,73,133
127,73,143
127,74,144
127,74,144
131,74,141
131,74,146
135,75,138
135,75,135
135,75,143
139,75,132
139,74,144
139,74,139
143,74,131
143,74,141
143,74,147
143,74,145
147,74,135
147,74,142
147,74,141
147,73,144
151,73,135
151,73,139
151,75,255
151,75,60
151,75,60
151,75,60
151,75,80
151,75,108
155,75,126
155,75,154
155,75,183
155,75,174
155,75,94
151,75,74
151,75,102
151,75,102
151,74,112
151,74,139
151,73,132
151,73,121
147,73,127
147,72,148
147,72,143
147,72,130
143,71,141
143,71,153
143,71,146
139,71,129
139,70,135
139,70,146
135,70,145
135,70,137
135,68,86
131,70,255
131,70,64
127,70,60
127,70,60
123,70,74
123,70,107
119,70,140
119,70,165
115,70,194
115,71,164
111,71,97
111,71,75
107,71,91
107,71,109
103,71,123
103,71,114
99,71,122
99,71,142
99,71,142
95,71,129
95,71,134
91,71,137
91,71,149
87,71,142
87,71,132
87,71,137
83,71,151
83,71,108
83,74,255
79,74,60
79,72,60
79,72,60
75,72,67
75,72,91
75,72,134
71,73,176
71,73,200
71,73,161
71,73,71
67,72,75
67,72,82
67,72,91
67,73,99
63,73,122
63,73,124
63,73,130
63,73,124
63,73,141
63,74,131
63,74,129
63,74,143
63,74,144
63,75,137
63,75,131
63,75,124
63,76,255
63,77,60
63,77,60
63,76,60
63,76,77
63,76,95
63,76,126
67,76,151
67,76,204
67,76,166
67,76,86
71,76,65
71,75,88
71,75,114
75,76,122
75,76,118
79,76,129
79,76,141
83,76,132
83,75,134
87,75,144
87,75,139
91,75,132
91,76,129
95,75,152
95,75,148
99,75,138
103,75,136
103,75,147
107,75,146
107,73,140
111,73,136
115,73,136
115,73,146
119,73,138
123,73,130
123,73,146
127,73,146
127,73,143
131,72,69
135,75,255
135,75,76
139,75,60
139,75,60
139,75,60
143,75,90
143,75,122
147,75,150
147,76,194
151,76,191
151,76,102
151,76,84
155,76,92
155,76,110
155,76,112
155,75,124
159,75,134
159,75,136
159,75,135
159,75,132
163,75,137
163,75,144
163,75,133
163,75,135
163,75,144
163,75,145
163,75,141
163,75,138
163,75,136
163,75,146
163,72,143
163,72,123
163,72,136
163,72,144
163,72,138
163,72,131
163,72,133
163,72,153
163,72,145
159,72,148
159,71,99
159,74,255
159,74,60
155,74,60
155,73,60
155,73,80
155,74,107
151,74,127
151,74,153
147,74,203
147,74,179
147,74,87
143,74,68
143,74,86
139,74,103
139,74,119
139,74,124
135,74,120
135,74,116
131,74,132
131,74,135
131,74,130
127,74,128
127,74,126
123,74,137
123,74,143
123,75,255
119,75,77
119,75,127
119,75,143
119,75,146
119,73,142
119,73,135
119,73,144
119,73,148
115,74,148
115,74,132
115,74,133
115,74,127
115,73,153
115,73,96
115,74,255
119,75,112
119,75,60
119,75,60
119,75,65
119,75,89
119,75,127
123,75,144
123,75,184
123,75,195
123,75,140
127,75,75
127,75,67
127,75,83
127,75,116
131,73,122
131,73,129
131,73,125
135,73,138
135,73,130
135,73,130
139,73,145
139,73,136
139,73,129
139,73,134
143,73,146
143,73,139
143,73,133
143,73,130
143,74,145
143,72,140
143,72,132
147,72,130
147,72,144
147,73,142
147,73,136
147,73,130
147,73,147
147,73,140
147,73,130
147,73,120
147,73,216
147,75,255
147,75,60
147,75,60
147,75,60
147,75,85
147,75,113
147,75,124
147,75,186
147,75,196
147,75,132
147,75,86
147,75,92
147,75,95
147,75,99
147,74,126
147,74,136
147,74,130
147,73,121
147,73,141
143,73,143
143,73,132
143,73,122
143,72,136
143,72,147
139,72,135
139,72,138
139,71,141
139,71,145
139,71,112
135,71,255
135,70,238
135,70,60
131,70,60
131,70,61
131,70,91
127,70,117
127,70,150
127,70,176
127,70,196
123,70,117
123,70,60
123,70,76
119,70,106
119,70,108
119,71,117
115,71,129
115,71,141
115,71,133
111,71,122
111,71,147
111,71,145
111,71,129
107,71,140
107,71,153
107,71,145
107,71,132
107,71,120
107,72,255
103,73,255
103,72,60
103,71,60
103,71,67
103,71,93
103,71,103
103,72,137
103,73,190
107,74,204
107,74,136
107,74,72
107,75,73
107,75,88
107,76,102
107,76,126
111,76,130
111,76,115
111,76,126
111,76,141
115,77,137
115,77,133
115,77,127
115,77,142
119,77,150
119,77,135
119,77,140
123,77,140
123,77,148
123,77,139
127,76,75
127,77,255
127,76,70
131,76,60
131,76,60
131,76,79
135,75,106
135,74,140
135,73,161
135,72,191
139,70,176
139,69,111
139,68,81
139,68,98
143,66,114
143,65,105
143,64,119
143,63,139
143,62,138
147,61,133
147,60,126
147,60,147
147,60,145
147,60,131
147,60,119
147,60,142
147,60,151
151,60,145
151,60,125
151,60,151
151,60,154
151,60,147
151,60,122
151,60,130
151,60,151
151,60,153
151,60,135
147,60,138
147,60,154
147,60,152
147,60,135
147,60,124
147,60,215
143,60,255
143,60,60
143,61,60
143,62,60
143,63,71
139,64,93
139,66,146
139,67,184
135,68,194
135,70,130
135,71,83
131,72,91
131,73,101
127,74,102
127,75,123
127,76,130
123,76,134
123,77,123
119,77,125
119,78,145
115,78,142
115,79,133
111,79,140
111,79,148
107,80,151
107,80,124
103,80,130
103,80,140
99,79,178
99,81,255
95,79,60
95,79,60
91,78,60
87,78,84
87,77,115
83,76,136
83,76,166
79,76,205
79,76,154
79,75,67
75,75,60
75,74,80
71,73,108
71,73,114
67,73,114
67,72,113
67,72,141
63,72,134
63,72,126
63,71,127
63,71,146
59,71,153
59,71,135
59,71,130
59,71,113
59,72,255
59,73,255
59,74,60
59,74,60
59,72,60
59,72,87
59,72,85
59,73,151
59,73,183
59,74,179
59,74,138
59,74,87
63,74,78
63,74,91
63,74,102
67,74,128
67,74,130
67,74,120
71,74,135
71,74,145
71,74,136
75,74,130
75,74,130
79,74,149
79,73,140
83,73,138
83,73,118
87,73,156
87,72,146
91,72,143
95,71,116
95,70,255
99,71,255
99,71,60
103,70,60
103,70,60
107,69,89
111,69,106
111,68,147
115,68,187
115,68,191
119,68,133
119,68,88
123,68,91
123,68,100
127,67,100
127,67,119
131,67,138
131,67,141
135,66,130
135,66,130
135,66,146
139,66,143
139,66,134
139,66,133
143,65,139
143,65,149
143,65,138
147,65,136
147,65,145
147,65,146
151,65,144
151,63,135
151,63,138
155,63,148
155,63,147
155,64,130
155,64,135
155,64,129
155,64,133
159,64,145
159,64,143
159,64,138
159,65,131
159,67,255
159,67,60
159,67,60
159,68,60
159,68,83
159,68,107
163,68,128
163,68,144
159,68,183
163,69,177
163,69,102
163,69,76
163,69,101
163,70,94
163,70,124
159,71,135
159,71,136
159,72,136
159,72,131
159,73,132
159,73,145
159,74,141
159,75,127
159,75,130
159,76,141
159,76,128
159,76,130
159,76,152
159,77,140
159,77,134
159,76,130
159,76,148
159,77,138
159,78,135
159,78,133
159,79,153
155,79,154
155,80,144
155,80,116
155,79,62
155,82,255
155,82,70
155,82,60
155,82,60
155,82,65
155,81,105
155,81,136
155,81,165
155,80,184
155,80,167
155,80,122
155,79,86
155,78,85
151,77,97
151,76,109
155,76,114
155,76,135
151,75,123
151,74,138
151,73,145
151,71,132
151,70,134
151,69,143
151,68,147
151,68,136
151,67,140
151,66,143
151,66,153
151,65,140
151,65,129
151,61,138
151,61,151
151,60,139
151,60,130
151,60,126
151,60,146
151,60,150
151,60,130
151,60,130
151,60,92
151,60,255
147,60,135
147,60,60
147,60,60
147,60,70
147,60,78
147,60,109
147,61,147
147,62,178
147,63,203
147,63,130
147,64,72
147,64,73
147,65,106
143,66,115
143,66,109
143,67,119
143,67,130
143,68,134
143,68,118
139,68,138
139,69,137
139,69,124
139,70,114
139,70,134
135,71,129
135,71,124
135,72,114
135,72,125
131,73,135
131,72,129
131,72,116
127,72,135
127,73,141
127,73,137
127,73,124
123,73,77
123,76,255
123,75,60
119,75,60
119,75,60
119,74,70
115,74,96
115,74,132
115,74,171
115,74,200
111,75,175
111,75,86
111,74,72
107,74,75
107,74,89
107,73,106
103,73,130
103,73,129
103,73,123
103,73,132
99,73,145
99,73,137
99,73,125
99,73,122
95,73,153
95,73,139
95,73,131
95,73,150
95,73,146
95,73,142
91,74,149
91,72,152
91,72,146
91,73,209
91,75,255
91,76,60
91,76,60
91,76,67
91,76,87
91,76,99
91,76,135
91,76,179
87,77,209
87,78,177
87,78,82
87,79,80
87,79,97
87,79,97
87,79,107
87,79,131
91,80,143
91,80,129
91,80,128
91,80,146
91,80,148
91,81,136
91,81,136
91,81,149
91,81,151
91,81,144
91,81,128
91,81,153
95,81,150
95,81,143
95,79,148
95,79,143
95,79,130
95,79,143
99,79,146
99,79,149
99,79,125
99,79,144
99,78,72
103,80,255
103,80,60
103,80,60
103,80,60
103,79,79
107,79,97
107,79,114
107,79,153
111,79,197
111,79,199
111,79,110
111,79,77
115,78,92
115,78,108
115,78,109
119,78,117
119,78,127
119,77,141
119,77,129
123,77,132
123,77,138
127,77,128
127,77,127
127,77,127
131,77,147
131,77,143
131,77,133
131,77,132
135,77,148
135,77,142
135,75,125
139,75,130
139,75,144
139,76,144
139,76,127
143,76,130
143,76,147
143,76,153
143,75,133
143,75,129
143,75,120
143,75,255
147,76,255
147,76,60
147,76,60
147,76,61
147,76,91
147,76,102
147,75,125
147,75,175
147,76,204
151,76,156
151,76,86
151,76,91
151,75,87
151,75,100
151,75,130
151,75,118
151,75,129
151,75,127
151,75,144
151,75,138
151,75,134
151,74,125
151,74,152
151,74,144
147,74,138
147,74,122
147,74,148
147,74,140
147,74,140
147,74,126
147,73,148
147,73,144
147,73,138
143,73,123
143,73,147
143,73,143
143,73,144
143,73,106
143,73,255
139,74,255
139,74,60
139,74,60
139,74,75
139,73,82
135,73,110
135,73,150
135,74,201
135,74,195
131,74,96
131,73,60
131,73,73
127,73,86
127,73,93
123,72,116
123,72,120
123,72,126
119,72,104
119,72,128
119,72,129
115,72,138
115,72,127
111,72,135
111,72,134
111,72,139
107,71,139
107,71,136
107,71,129
103,71,236
103,72,255
103,71,60
99,71,60
99,71,68
99,71,92
95,71,115
95,72,154
95,72,196
95,72,159
91,72,65
91,72,60
91,72,80
87,72,96
87,72,106
87,72,121
87,72,122
87,72,132
83,72,128
83,72,132
83,72,132
83,72,138
83,72,136
79,72,140
79,72,145
79,72,153
79,73,140
79,73,133
79,73,145
79,74,255
79,74,60
75,73,60
75,73,71
75,73,85
75,73,137
75,74,181
75,74,213
75,74,179
75,74,74
71,73,80
71,73,99
71,73,114
71,73,118
71,73,119
71,73,121
71,73,125
71,73,130
71,73,138
71,73,143
67,73,148
67,73,150
67,73,145
67,73,133
67,73,123
67,74,255
67,75,183
67,74,60
67,74,60
67,74,76
67,72,109
67,72,134
71,72,174
71,72,194
71,73,134
71,73,66
71,72,83
71,72,102
75,72,121
75,72,130
75,72,139
75,72,136
79,72,125
79,72,137
79,72,138
83,72,131
83,72,129
83,72,131
87,72,132
87,72,134
91,72,140
91,72,147
95,72,147
95,72,151
99,72,147
99,72,130
103,71,136
103,71,131
107,71,136
107,72,151
111,72,143
111,72,149
115,72,211
115,73,255
119,72,60
119,72,60
123,71,60
127,71,103
127,71,133
131,71,165
131,71,203
131,71,172
135,71,84
135,70,74
139,70,90
139,70,109
139,69,122
143,69,134
143,69,137
147,68,141
147,68,144
147,68,140
151,68,130
151,68,129
151,68,133
155,67,134
155,67,132
155,67,147
155,67,152
155,67,146
159,67,145
159,66,153
159,66,152
159,64,145
163,64,144
163,64,145
163,63,147
163,63,132
163,63,132
163,62,130
163,61,63
163,64,255
163,63,60
163,63,60
163,63,60
163,63,80
163,63,102
163,64,137
163,64,170
163,65,193
163,65,119
163,65,74
163,65,83
163,65,103
163,66,111
163,66,127
163,66,130
163,66,134
163,67,138
163,67,140
163,67,139
163,68,144
163,68,146
163,68,145
163,69,141
159,70,140
159,70,143
159,71,137
159,72,132
159,73,144
159,74,91
155,74,255
155,75,96
155,76,60
151,76,60
151,76,82
151,76,103
147,76,137
147,77,175
147,77,209
143,78,159
143,78,74
143,79,75
139,79,97
139,79,107
135,79,125
135,79,135
131,80,141
131,80,146
131,80,145
127,80,148
123,80,146
123,80,145
119,80,139
119,80,148
115,80,128
115,80,145
111,80,241
111,81,255
107,81,60
107,81,60
103,78,92
103,78,109
99,78,143
99,78,183
95,78,220
95,78,174
91,78,80
91,77,79
87,77,99
87,76,114
83,76,120
83,76,130
79,76,130
79,76,136
79,76,131
75,76,130
75,76,130
75,75,125
71,75,140
71,75,141
71,75,144
71,75,110
67,76,255
67,76,60
67,76,60
67,76,60
67,75,73
63,74,109
63,73,168
63,74,201
63,74,183
63,74,96
63,73,82
63,73,104
63,72,120
63,72,128
63,72,137
63,72,137
63,72,138
67,72,128
67,72,125
67,72,130
67,72,129
67,72,131
71,72,130
71,72,127
71,72,130
71,72,173
75,74,255
75,73,60
75,73,60
79,73,60
79,71,81
83,71,113
83,71,144
83,72,192
87,73,172
91,74,90
91,75,86
91,75,89
95,75,99
95,76,119
99,76,145
99,77,139
103,79,145
107,80,135
107,83,138
111,84,154
111,87,153
115,89,154
115,92,147
119,93,145
119,96,138
123,98,137
123,99,137
127,101,131
127,103,133
131,104,125
131,104,127
135,105,126
135,106,133
135,107,119
139,107,135
139,107,127
139,108,93
143,109,255
143,110,128
143,111,60
143,111,60
147,112,63
147,114,97
147,115,131
147,116,147
147,118,222
151,119,164
151,119,88
151,117,78
151,115,89
151,112,112
151,108,134
151,105,146
151,101,172
151,98,156
151,94,153
151,90,145
151,85,148
151,82,138
151,77,134
147,73,113
147,69,133
147,66,60
147,63,182
147,60,124
147,60,91
147,60,255
147,60,195
147,60,60
147,60,60
147,60,90
147,60,113
147,60,142
143,60,188
143,60,216
143,60,145
143,60,64
143,60,60
143,60,100
143,60,108
143,60,121
143,60,147
143,60,150
143,60,140
143,60,129
143,60,131
143,60,139
143,60,150
143,60,152
143,60,157
143,60,153
143,60,161
143,60,148
147,60,143
147,60,250
147,60,255
147,60,60
147,60,60
147,60,60
147,61,74
147,62,96
147,63,149
147,64,192
147,64,172
147,64,88
147,63,78
151,63,105
151,63,119
151,63,142
151,63,160
147,64,174
147,65,180
147,66,183
147,67,189
151,68,180
151,68,183
151,69,173
147,70,168
147,71,151
147,72,133
147,73,255
147,74,203
147,74,60
147,74,60
147,74,60
147,73,76
147,73,94
147,74,136
147,74,169
147,74,139
147,74,60
147,74,60
147,74,60
147,73,74
147,73,112
147,73,122
143,72,127
143,72,129
143,72,130
143,71,137
143,70,139
143,69,138
143,68,142
143,68,114
139,66,91
139,67,255
139,66,139
139,65,60
139,64,60
139,63,70
135,62,91
135,61,120
135,61,162
135,61,194
135,61,141
131,61,83
131,61,97
131,61,107
131,60,114
127,60,118
127,61,122
127,61,129
123,61,137
123,62,143
123,62,126
119,63,141
119,64,138
119,64,139
115,65,136
115,65,140
111,66,123
111,67,149
107,67,151
107,69,255
103,69,60
103,69,60
99,69,75
99,70,93
95,70,120
95,71,160
91,72,200
91,73,174
87,73,91
87,74,92
83,74,109
83,74,120
79,74,118
79,75,135
75,75,129
75,76,127
75,76,127
71,76,131
71,76,129
67,76,130
67,76,140
67,76,138
63,76,107
63,77,255
63,78,181
63,78,60
59,78,60
59,78,61
59,77,90
59,76,113
59,76,162
59,76,195
59,76,144
59,76,78
59,76,90
59,76,110
59,76,122
59,76,135
63,76,130
63,75,126
63,76,122
63,75,131
67,75,131
67,75,139
67,75,145
71,75,145
71,75,146
75,75,151
75,75,135
75,75,130
79,74,61
79,76,255
83,76,60
87,75,60
87,75,60
91,75,80
91,75,113
95,75,140
99,75,175
99,75,184
103,75,89
107,75,88
107,75,99
111,75,115
111,75,123
115,75,121
119,75,135
119,75,131
123,75,138
123,75,139
127,75,146
127,75,140
131,75,145
135,75,143
135,76,147
139,76,145
139,76,148
143,76,145
143,76,146
143,76,144
147,76,149
147,74,144
151,74,153
151,74,138
151,75,126
155,75,187
155,76,255
155,76,60
159,76,60
159,76,67
159,76,93
163,76,126
163,76,154
163,76,196
163,76,192
163,76,114
163,76,89
167,76,106
167,76,114
167,76,128
167,76,137
167,76,137
167,76,143
167,76,139
167,76,119
167,76,126
167,76,133
167,75,138
167,75,145
167,75,151
167,75,147
167,75,146
167,75,135
167,74,80
167,76,255
167,76,60
167,74,60
167,74,64
167,74,94
167,74,118
163,74,155
163,74,188
163,74,208
163,73,131
163,73,78
159,72,89
159,72,105
159,72,114
159,72,113
155,72,130
155,72,125
155,72,132
155,72,130
151,72,131
151,72,130
151,72,130
147,72,130
147,72,127
147,72,142
147,72,135
143,72,132
143,72,213
143,73,255
143,73,60
139,71,60
139,71,73
139,71,98
139,71,131
139,71,166
135,72,188
135,72,142
135,72,70
135,72,66
135,72,91
135,72,110
131,72,113
131,73,126
131,73,123
131,73,130
131,73,134
131,73,134
131,73,136
131,73,135
131,73,130
131,73,137
131,72,139
131,72,146
131,73,144
131,73,137
131,72,154
131,74,255
127,74,60
127,73,60
127,73,81
131,74,99
131,74,127
131,74,157
131,75,181
131,75,168
131,75,77
131,75,66
131,75,78
131,75,98
131,75,112
131,75,121
131,75,125
131,76,128
131,76,131
131,76,128
131,76,132
131,76,130
131,76,144
131,76,139
131,76,136
131,77,129
131,77,142
131,77,140
131,77,137
131,77,87
131,79,255
131,77,60
131,77,60
131,77,74
131,77,103
131,77,122
131,77,145
131,77,187
131,77,180
131,77,86
131,76,73
131,76,84
131,76,107
131,76,120
131,76,135
131,76,130
131,76,137
131,76,131
131,76,145
131,76,138
131,75,143
131,75,141
131,75,144
131,75,140
131,75,146
131,74,140
131,74,156
131,74,145
131,74,150
131,74,84
131,74,255
131,74,71
131,74,60
131,74,72
131,74,98
131,74,120
131,74,141
131,74,191
131,74,192
131,74,105
131,74,71
131,74,83
131,74,93
131,74,110
131,73,114
131,73,124
131,73,124
131,73,131
131,73,134
131,73,141
131,73,135
131,73,140
131,73,138
131,73,142
131,73,141
131,73,143
131,73,143
131,72,138
127,73,255
127,74,221
127,71,60
127,71,61
127,71,84
127,71,114
123,71,133
123,72,169
123,72,205
123,72,177
119,72,75
119,72,70
119,72,93
119,72,106
115,72,123
115,73,128
115,73,138
111,73,136
111,74,148
111,74,144
107,74,149
107,75,153
103,75,146
103,75,142
99,76,150
99,76,140
99,76,138
95,76,121
95,77,255
91,78,60
91,77,60
87,77,80
87,77,97
83,77,127
83,77,153
83,78,197
79,78,198
79,78,105
79,78,78
75,78,90
75,78,92
75,78,123
71,78,124
71,78,124
71,78,133
71,78,130
67,78,136
67,77,126
67,77,142
67,77,146
67,77,155
67,76,149
67,76,153
67,76,146
63,76,145
63,76,247
63,76,255
67,76,60
67,75,60
67,74,76
67,74,106
67,74,126
67,74,165
67,73,201
67,73,184
67,73,95
67,72,82
67,71,91
71,71,113
71,71,107
71,70,122
71,70,140
75,70,134
75,70,128
75,70,135
75,70,132
79,69,139
79,70,148
79,69,149
79,69,148
83,69,142
83,69,137
83,69,129
87,69,125
87,69,130
87,69,138
91,68,145
91,68,146
91,69,148
95,69,119
95,70,255
95,71,89
95,70,60
99,70,60
99,70,62
99,69,100
103,70,132
103,70,177
103,70,203
103,70,143
107,70,67
107,70,83
107,70,118
111,70,125
111,70,138
111,69,142
111,69,144
115,69,141
115,68,138
115,68,127
115,68,122
115,68,124
119,68,136
119,68,138
119,67,149
119,67,153
119,66,149
119,66,145
119,65,142
123,65,145
123,63,145
123,63,148
123,63,138
123,63,145
123,63,122
123,63,122
123,62,60
123,65,255
123,64,60
123,64,60
123,64,68
123,64,93
123,63,114
123,64,160
123,64,195
123,64,185
123,64,101
123,64,83
123,64,100
123,64,114
123,64,114
123,65,116
123,65,115
123,65,121
123,65,130
123,65,132
119,65,141
119,65,143
119,66,143
119,66,138
119,66,136
119,66,132
115,66,131
115,67,138
115,67,142
115,67,144
111,68,125
111,67,255
111,67,99
111,68,60
107,68,64
107,68,91
107,68,110
107,68,133
103,69,183
103,69,204
103,70,145
103,70,71
99,70,72
99,70,99
99,71,110
95,71,128
95,71,128
95,71,139
91,71,142
91,71,145
91,72,143
91,72,145
87,72,148
87,72,152
87,72,152
87,72,152
87,72,158
87,72,151
83,72,156
83,72,91
83,74,255
83,73,67
83,72,60
83,72,60
83,72,91
83,72,110
83,72,148
83,72,177
87,71,197
87,71,114
87,70,70
87,70,75
87,70,101
91,70,111
91,70,127
91,69,130
91,69,137
95,69,139
95,69,130
95,69,139
99,69,142
99,69,150
99,69,147
99,68,150
103,68,146
103,68,148
103,68,145
107,68,148
107,68,147
107,68,144
111,68,143
111,68,146
111,68,145
111,68,137
115,68,101
115,71,255
115,71,91
115,72,60
115,72,60
119,72,83
119,73,110
119,74,138
119,75,179
119,76,197
123,76,147
123,76,80
123,77,90
123,77,106
123,78,122
123,78,133
123,78,142
123,79,145
123,79,143
123,79,143
123,79,140
123,79,145
119,80,142
119,80,148
119,80,138
119,80,141
119,80,132
119,80,134
115,80,135
115,79,126
115,79,132
115,77,124
115,77,138
111,76,92
111,78,255
111,78,84
107,77,60
107,77,65
107,76,88
107,76,116
103,76,144
103,76,186
103,76,214
103,76,141
103,76,71
99,76,78
99,76,97
99,76,106
95,76,127
95,76,125
95,76,134
95,76,129
95,77,133
91,77,126
91,77,134
91,77,129
91,77,129
91,77,129
91,78,132
91,78,131
87,78,125
87,78,142
87,78,129
87,78,134
87,76,67
87,78,255
87,78,60
87,78,60
87,78,75
87,78,100
87,77,125
87,77,158
87,76,200
87,76,207
87,76,84
87,76,60
87,76,76
87,76,94
87,75,116
87,75,115
87,75,130
87,74,122
87,74,131
87,73,121
87,73,130
87,73,121
87,72,125
91,72,130
91,72,132
87,72,130
87,71,130
87,71,130
91,71,127
91,71,131
91,71,130
91,68,131
91,69,129
91,69,140
91,69,142
91,69,160
91,69,139
91,69,153
91,69,114
91,71,255
91,71,60
91,71,60
91,71,60
91,71,78
91,71,93
91,71,135
91,71,169
95,71,189
95,71,103
95,71,62
95,71,75
95,71,96
95,70,106
95,70,117
95,70,122
95,69,125
95,69,114
95,68,119
99,68,147
99,68,148
99,67,145
99,66,137
99,66,120
99,65,145
99,64,148
99,64,150
99,63,156
99,62,145
99,62,150
103,60,143
103,60,153
103,60,122
103,60,137
103,60,229
103,60,255
103,60,60
103,60,60
103,60,67
103,60,92
103,60,98
103,60,133
107,60,185
107,60,171
107,60,68
107,60,60
107,60,72
107,60,84
107,60,96
107,61,106
107,61,124
107,62,125
107,63,134
107,63,126
107,64,136
107,65,115
107,66,135
107,67,129
107,68,133
107,68,129
107,69,128
107,69,124
107,70,129
107,71,147
107,72,147
107,71,93
107,74,255
107,75,69
107,75,60
107,76,60
107,76,85
107,76,96
107,76,134
107,76,178
107,77,212
107,78,154
107,78,73
107,79,79
107,79,101
107,80,118
107,80,133
107,80,140
107,80,137
107,81,143
107,81,141
107,81,150
107,81,142
107,81,142
107,81,128
107,82,130
107,82,144
107,82,139
107,82,161
107,82,155
107,82,151
107,82,146
107,80,249
107,81,255
107,81,60
107,81,64
107,81,90
107,81,113
107,81,144
107,81,174
107,80,207
107,80,195
107,80,81
107,80,60
107,80,89
107,80,100
107,80,122
107,80,130
107,80,127
107,79,134
103,79,124
103,79,130
103,79,144
103,79,157
103,79,144
103,78,153
99,78,152
99,78,155
99,78,149
99,78,153
95,78,219
95,79,255
95,78,60
91,77,62
91,77,91
91,77,111
87,77,138
87,77,166
87,77,209
83,78,188
83,77,95
79,77,60
79,77,84
79,76,88
75,76,113
75,76,112
75,76,116
71,76,128
71,76,124
71,76,128
67,76,118
67,76,123
67,76,103
67,76,153
67,76,151
63,76,153
63,76,100
63,77,255
63,77,89
63,76,60
63,76,60
63,76,88
63,76,116
63,76,144
63,76,192
67,76,207
67,76,141
67,76,60
67,75,67
67,75,95
71,74,112
71,74,131
71,74,153
71,74,134
75,75,255
75,75,216
75,75,90
79,75,106
79,74,117
79,74,130
83,73,134
83,73,124
83,73,125
87,72,112
87,72,128
91,72,134
91,72,145
91,70,150
95,70,153
95,70,152
95,70,137
95,70,134
99,71,121
99,71,120
99,71,121
99,71,138
103,71,145
103,71,148
103,71,98
103,74,255
103,75,60
103,75,60
103,76,60
103,76,82
103,75,106
107,76,148
107,76,202
107,76,209
107,77,106
107,77,70
107,78,63
107,78,91
107,78,111
107,78,119
107,78,122
107,78,121
107,78,111
107,78,119
107,79,135
107,78,135
107,78,125
107,78,125
